0.0818026
0.181974
0.278718
0.374679
0.470339
0.565853
0.661285
0.756667
0.852015
0.94734
1.04265
1.13795
1.23323
1.32851
1.42379
1.51906
1.61432
1.70958
1.80484
1.9001
1.99536
2.09061
2.18586
2.28111
2.37636
2.47161
2.56686
2.66211
2.75735
2.8526
2.94785
3.04309
3.13834
3.23358
3.32882
3.42407
3.51931
3.61455
3.7098
3.80504
3.90028
3.99552
4.09077
4.18601
4.28125
4.37649
4.47173
4.56697
4.66221
4.75745
4.85269
4.94794
5.04318
5.13842
5.23366
5.3289
5.42414
5.51938
5.61462
5.70986
5.8051
5.90034
5.99558
6.09082
6.18606
6.2813
6.37654
6.47177
6.56701
6.66225
6.75749
6.85273
6.94797
7.04321
7.13845
7.23369
7.32893
7.42417
7.51941
7.61465
7.70989
7.80512
7.90036
7.9956
8.09084
8.18608
8.28132
8.37656
8.4718
8.56704
8.66227
8.75751
8.85275
8.94799
9.04323
9.13847
9.23371
9.32895
9.42418
9.52904
