0.0649449
0.168577
0.266594
0.363189
0.459234
0.555006
0.650624
0.746145
0.841602
0.937015
1.0324
1.12775
1.22309
1.31841
1.41373
1.50903
1.60432
1.69961
1.79489
1.89017
1.98545
2.08072
2.17599
2.27125
2.36652
2.46178
2.55704
2.65229
2.74755
2.84281
2.93806
3.03331
3.12857
3.22382
3.31907
3.41432
3.50957
3.60482
3.70007
3.79531
3.89056
3.98581
4.08105
4.1763
4.27154
4.36679
4.46203
4.55728
4.65252
4.74777
4.84301
4.93826
5.0335
5.12874
5.22399
5.31923
5.41447
5.50971
5.60496
5.7002
5.79544
5.89068
5.98592
6.08117
6.17641
6.27165
6.36689
6.46213
6.55737
6.65261
6.74785
6.8431
6.93834
7.03358
7.12882
7.22406
7.3193
7.41454
7.50978
7.60502
7.70026
7.7955
7.89074
7.98598
8.08122
8.17646
8.2717
8.36694
8.46218
8.55742
8.65266
8.7479
8.84314
8.93838
9.03362
9.12886
9.2241
9.31934
9.41455
9.52904
